0.2130910207206169 0.8109280258887744 
0.2833463376431064 0.7588481528665215 
0.5775662807956979 0.637757187987531 
0.21262150068139132 0.1767519637041445 
0.9231991495085299 0.10039015906114451 
0.8931945602222556 0.2487478321305597 
0.447715307768474 0.7027156818543375 
0.12173540900001742 0.6798173692352556 
0.9654697275570783 0.18410260517470312 
0.5205697339018946 0.1222281945683421 
0.8782159712771731 0.8202727897991408 
0.3073939098833177 0.2745987936973729 
0.23769468741299515 0.8975896218293598 
0.7457995159001137 0.6395188024605307 
0.6834839396991466 0.5701225259128182 
0.45344991827459635 0.3220379334035925 
0.3094674249832738 0.6223340504252391 
0.3083984983881493 0.9493838129541022 
0.5466063727302665 0.5637667383401181 
0.7794591605591734 0.8474756869536278 
0.9529560370047431 0.3901719532647131 
0.1533239924805054 0.11069598744525705 
0.40916657399995365 0.09689449523178631 
0.22296801013793607 0.5585149322479142 
0.36870127987251833 0.20759354311018213 
0.0655091410896032 0.11897683908543306 
0.8583995167347552 0.36890203883825406 
0.6727099307337954 0.39227317099276277 
0.15341217968027437 0.3365070261721097 
0.3921094683847612 0.003017298593708612 
0.6830117672659272 0.4855247761719741 
0.8377137796916493 0.11507871273811421 
0.14660485312307034 0.5891151833830145 
0.010069887201623958 0.053401936915755996 
0.03617683174532981 0.6769103459555771 
0.21967356829423512 0.6822896300145204 
0.9479638967106071 0.9883810555826212 
0.8591510368677363 0.4682565648091753 
0.09777108741612735 0.9949118564704692 
0.660409201159521 0.31308647951671364 
0.3636333647770438 0.4711858535494169 
0.849026292027494 0.011692458281666696 
0.12246776357357146 0.780344566128136 
0.7475881637995615 0.045017938679982994 
0.8790996767047877 0.7290564171282414 
0.3679899065283902 0.3365955585725064 
0.9543553668829635 0.5220747536593071 
0.7904863216357358 0.18590733201244078 
0.1967785467337394 0.00449006984783177 
0.9898356768002404 0.3023194113080143 
0.12086595970174166 0.8831590739322696 
0.011029540261288127 0.8029608193585209 
0.3511327889428134 0.8511043571532346 
0.620368899090439 0.782166304478566 
0.2992602029087011 0.4004654121358396 
0.7213042204496793 0.7765961103900471 
0.2114585572423449 0.4020375964604634 
0.4373518345952663 0.42087337481638637 
0.29988270937123573 0.04912482383060514 
0.5807494783591408 0.457549490808875 
0.03329307755288856 0.5789679531346091 
0.5700359890967193 0.8711894907130252 
0.7941595530918344 0.5530172913068653 
0.7654251604708032 0.42018240401077156 
0.037343643758160384 0.47409039738718217 
0.7967181648777055 0.7079559695953129 
0.5842004282021889 0.26348905952465335 
0.6952809484862932 0.11600344067783665 
0.5342716254719148 0.37776666472053533 
0.7103598716056222 0.23572671054814695 
0.5435499333331354 0.9644215968969911 
0.8842087092726326 0.5807741684893761 
0.6560997913851062 0.6824850333702176 
0.6249327266204248 0.1748537655753615 
0.2730311287487195 0.4977663359753993 
0.8031882417353332 0.9347084165180455 
0.023296480890641763 0.9158834486669407 
0.5430203515083011 0.7289803296959996 
0.5769777195543068 0.07092770337797889 
0.4876544334958927 0.8484663703028501 
0.9539771381088955 0.6933800295644142 
0.29476999196359355 0.13671349945878034 
0.06605435722640393 0.366200366203579 
0.3541463167451654 0.7120026484096008 
0.22546167605420783 0.27375463376690923 
0.13002806631995995 0.4625877272384769 
0.9187411752165958 0.8984275894210604 
0.799388923548169 0.2956743241082093 
0.12839778707999078 0.24231503489848316 
0.6279961707150966 0.007758726691144135 
0.6658138997245644 0.8750864390144906 
0.43274821491073745 0.7899059549147476 
0.385691649697744 0.5566511517062327 
0.4994031854427124 0.2539404997515419 
0.7030512665421454 0.9569369451401784 
0.04731305918676343 0.222850510099748 
0.4853225915430676 0.50583696802144 
0.4447422055017772 0.6193827178180431 
0.45939437451592346 0.17732886693928387 
0.4529430104417109 0.9445108759080941 
