0.28277581343157454 0.7603927096178467 
0.30364696480280884 0.7336283087185862 
0.5112469226772829 0.6502063997247536 
0.20724297969448457 0.26225179642013074 
0.9033696224544983 0.0973663343312694 
0.950152940004859 0.22530235040992252 
0.4457747794431173 0.7180530196879715 
0.16812613309354085 0.6514143372292978 
0.04855835934370134 0.20764104127286487 
0.538897125787372 0.16098691086100558 
0.8321287223460274 0.8077898671122483 
0.3404513171200563 0.3105672614478152 
0.284590650262146 0.8390602532807918 
0.7236028962544765 0.6625483828230756 
0.7169520718145179 0.5614091588469323 
0.4370274949287847 0.31481109822922804 
0.33070584991484253 0.6338746969076112 
0.3384624449805216 0.9622198575126077 
0.4798936806448637 0.5992122336558623 
0.7364951497258971 0.8432197828206967 
0.004800977488940816 0.3025918198355555 
0.0750362972026668 0.21472887813187924 
0.43375794691667124 0.1828899811327176 
0.2747721209535712 0.5864903368515897 
0.3647983383279527 0.28341291404549906 
0.025011774303806078 0.15542990821671765 
0.8385626103697668 0.4052060330164977 
0.6929541800896182 0.38824321337625634 
0.1858156565685647 0.28719983578169916 
0.15695592871940534 0.004629169898606733 
0.7052857471625202 0.46208471153290276 
0.8866360947647962 0.09923750083615346 
0.19963936984080988 0.6376643189185103 
0.017235702424841293 0.14140194961203179 
0.08897064531402066 0.660444721433791 
0.2679224443235171 0.6837063816474824 
0.15484431730322967 0.004745991851542897 
0.8357808478128419 0.46660818611266563 
0.06395189302334359 0.040276367625025955 
0.6658260712517858 0.32356382149981755 
0.37226105028722145 0.42616851456043037 
0.8551035358852488 0.02763526762149837 
0.18436615503463827 0.7835573793865898 
0.6829821352085048 0.06237278978792915 
0.8323965562508135 0.7617434201591884 
0.3584672570133307 0.31388858772221795 
0.975147369623997 0.5232453382227789 
0.8017958184345453 0.15378492401490007 
0.21006866117274114 0.014104730634983298 
0.029204311099135793 0.2730970933591834 
0.16098022567835102 0.8317975181182646 
0.01835510435427068 0.7913311203545774 
0.3234063604410409 0.793551918762887 
0.6003563131156682 0.783321124692236 
0.3323848453108411 0.37095680639417594 
0.6923143537792953 0.8057056479767652 
0.3055064328389676 0.34517059630661606 
0.39159666453149455 0.40525019177279376 
0.33981241327319367 0.08383146979139156 
0.4852992833615499 0.4403045541716608 
0.0055138703481816265 0.6230990246914416 
0.5499351983663132 0.8246779249407439 
0.7695373982494971 0.5420612344887275 
0.70318035508393 0.40920133114761414 
0.06537625153629278 0.468060376119638 
0.7410323638957834 0.6949321862178408 
0.5140085608380787 0.23303660879888355 
0.6564710380134215 0.10186535656083606 
0.4312758573268596 0.3500435657982379 
0.6438232284115344 0.21215390785788202 
0.5835041872697104 0.9812194447122025 
0.834731950838524 0.5070756192384067 
0.6184638994340226 0.6964862656366506 
0.6170714030904065 0.15825795217764949 
0.357796186236385 0.4441050370786144 
0.7756674871566105 0.9544946960946206 
0.966083817861346 0.9700555045165657 
0.517766177216032 0.7110916455609981 
0.5980843995920964 0.11741316443882965 
0.49465602195581937 0.7736945958095021 
0.004268349947825101 0.6264192830448678 
0.3411629464818873 0.1712026800146731 
0.09130238541621338 0.2793155707322388 
0.351567710589336 0.7095350850641449 
0.274764795358692 0.29792535757717076 
0.11257510446459307 0.433159577943818 
0.9211688675696621 0.964754469384502 
0.7969572030182377 0.28805979209192856 
0.08986780857206611 0.23789024250509172 
0.607974800758825 0.015806896161620898 
0.6582576799459474 0.8550550270363004 
0.4740024445839026 0.7474900399491275 
0.4222557711035222 0.5495265807276155 
0.44649797799394264 0.29205662374607755 
0.682246783021327 0.9794324041729681 
0.06025451691854755 0.21394060704022877 
0.451978669173954 0.5412979606007582 
0.44341941400190876 0.6165161036133355 
0.47133162404281137 0.21003763065819214 
0.46707854126501047 0.9577373268531346 
